<svg xmlns="http://www.w3.org/2000/svg" width="1153" height="1173">
<rect width="100%" height="100%" fill="white"/>
<polygon points="173.92,173.92 213.92,173.92 213.92,213.92 173.92,213.92" fill="#e8c268" stroke="#333" stroke-width="1"/>
<polygon points="432.49,243.21 472.49,243.21 472.49,283.21 432.49,283.21" fill="#e8c268" stroke="#333" stroke-width="1"/>
<polygon points="691.05,312.49 731.05,312.49 731.05,352.49 691.05,352.49" fill="#e8c268" stroke="#333" stroke-width="1"/>
<polygon points="243.21,432.49 283.21,432.49 283.21,472.49 243.21,472.49" fill="#e8c268" stroke="#333" stroke-width="1"/>
<polygon points="501.77,501.77 541.77,501.77 541.77,541.77 501.77,541.77" fill="#e8c268" stroke="#333" stroke-width="1"/>
<polygon points="760.33,571.05 800.33,571.05 800.33,611.05 760.33,611.05" fill="#e8c268" stroke="#333" stroke-width="1"/>
<polygon points="312.49,691.05 352.49,691.05 352.49,731.05 312.49,731.05" fill="#e8c268" stroke="#333" stroke-width="1"/>
<polygon points="571.05,760.33 611.05,760.33 611.05,800.33 571.05,800.33" fill="#e8c268" stroke="#333" stroke-width="1"/>
<polygon points="829.62,829.62 869.62,829.62 869.62,869.62 829.62,869.62" fill="#e8c268" stroke="#333" stroke-width="1"/>
<polygon points="213.92,173.92 173.92,173.92 173.92,213.92 139.28,193.92 119.28,228.56 99.28,193.92 64.64,213.92 64.64,173.92 24.64,173.92 44.64,139.28 10.00,119.28 44.64,99.28 24.64,64.64 64.64,64.64 64.64,24.64 99.28,44.64 119.28,10.00 139.28,44.64 173.92,24.64 173.92,64.64 213.92,64.64 193.92,99.28 228.56,119.28 193.92,139.28" fill="#9ecf9e" stroke="#333" stroke-width="1"/>
<polygon points="472.49,243.21 432.49,243.21 432.49,283.21 397.85,263.21 377.85,297.85 357.85,263.21 323.21,283.21 323.21,243.21 283.21,243.21 303.21,208.56 268.56,188.56 303.21,168.56 283.21,133.92 323.21,133.92 323.21,93.92 357.85,113.92 377.85,79.28 397.85,113.92 432.49,93.92 432.49,133.92 472.49,133.92 452.49,168.56 487.13,188.56 452.49,208.56" fill="#9ecf9e" stroke="#333" stroke-width="1"/>
<polygon points="731.05,312.49 691.05,312.49 691.05,352.49 656.41,332.49 636.41,367.13 616.41,332.49 581.77,352.49 581.77,312.49 541.77,312.49 561.77,277.85 527.13,257.85 561.77,237.85 541.77,203.21 581.77,203.21 581.77,163.21 616.41,183.21 636.41,148.56 656.41,183.21 691.05,163.21 691.05,203.21 731.05,203.21 711.05,237.85 745.69,257.85 711.05,277.85" fill="#9ecf9e" stroke="#333" stroke-width="1"/>
<polygon points="283.21,432.49 243.21,432.49 243.21,472.49 208.56,452.49 188.56,487.13 168.56,452.49 133.92,472.49 133.92,432.49 93.92,432.49 113.92,397.85 79.28,377.85 113.92,357.85 93.92,323.21 133.92,323.21 133.92,283.21 168.56,303.21 188.56,268.56 208.56,303.21 243.21,283.21 243.21,323.21 283.21,323.21 263.21,357.85 297.85,377.85 263.21,397.85" fill="#9ecf9e" stroke="#333" stroke-width="1"/>
<polygon points="541.77,501.77 501.77,501.77 501.77,541.77 467.13,521.77 447.13,556.41 427.13,521.77 392.49,541.77 392.49,501.77 352.49,501.77 372.49,467.13 337.85,447.13 372.49,427.13 352.49,392.49 392.49,392.49 392.49,352.49 427.13,372.49 447.13,337.85 467.13,372.49 501.77,352.49 501.77,392.49 541.77,392.49 521.77,427.13 556.41,447.13 521.77,467.13" fill="#9ecf9e" stroke="#333" stroke-width="1"/>
<polygon points="800.33,571.05 760.33,571.05 760.33,611.05 725.69,591.05 705.69,625.69 685.69,591.05 651.05,611.05 651.05,571.05 611.05,571.05 631.05,536.41 596.41,516.41 631.05,496.41 611.05,461.77 651.05,461.77 651.05,421.77 685.69,441.77 705.69,407.13 725.69,441.77 760.33,421.77 760.33,461.77 800.33,461.77 780.33,496.41 814.97,516.41 780.33,536.41" fill="#9ecf9e" stroke="#333" stroke-width="1"/>
<polygon points="352.49,691.05 312.49,691.05 312.49,731.05 277.85,711.05 257.85,745.69 237.85,711.05 203.21,731.05 203.21,691.05 163.21,691.05 183.21,656.41 148.56,636.41 183.21,616.41 163.21,581.77 203.21,581.77 203.21,541.77 237.85,561.77 257.85,527.13 277.85,561.77 312.49,541.77 312.49,581.77 352.49,581.77 332.49,616.41 367.13,636.41 332.49,656.41" fill="#9ecf9e" stroke="#333" stroke-width="1"/>
<polygon points="611.05,760.33 571.05,760.33 571.05,800.33 536.41,780.33 516.41,814.97 496.41,780.33 461.77,800.33 461.77,760.33 421.77,760.33 441.77,725.69 407.13,705.69 441.77,685.69 421.77,651.05 461.77,651.05 461.77,611.05 496.41,631.05 516.41,596.41 536.41,631.05 571.05,611.05 571.05,651.05 611.05,651.05 591.05,685.69 625.69,705.69 591.05,725.69" fill="#9ecf9e" stroke="#333" stroke-width="1"/>
<polygon points="869.62,829.62 829.62,829.62 829.62,869.62 794.97,849.62 774.97,884.26 754.97,849.62 720.33,869.62 720.33,829.62 680.33,829.62 700.33,794.97 665.69,774.97 700.33,754.97 680.33,720.33 720.33,720.33 720.33,680.33 754.97,700.33 774.97,665.69 794.97,700.33 829.62,680.33 829.62,720.33 869.62,720.33 849.62,754.97 884.26,774.97 849.62,794.97" fill="#9ecf9e" stroke="#333" stroke-width="1"/>
<polygon points="213.92,213.92 213.92,173.92 233.92,208.56 268.56,188.56 248.56,223.21 283.21,243.21 243.21,243.21 243.21,283.21 223.21,248.56 188.56,268.56 208.56,233.92 173.92,213.92" fill="#98c8b0" stroke="#333" stroke-width="1"/>
<polygon points="472.49,283.21 472.49,243.21 492.49,277.85 527.13,257.85 507.13,292.49 541.77,312.49 501.77,312.49 501.77,352.49 481.77,317.85 447.13,337.85 467.13,303.21 432.49,283.21" fill="#98c8b0" stroke="#333" stroke-width="1"/>
<polygon points="731.05,352.49 731.05,312.49 751.05,347.13 785.69,327.13 765.69,361.77 800.33,381.77 760.33,381.77 760.33,421.77 740.33,387.13 705.69,407.13 725.69,372.49 691.05,352.49" fill="#98c8b0" stroke="#333" stroke-width="1"/>
<polygon points="283.21,472.49 283.21,432.49 303.21,467.13 337.85,447.13 317.85,481.77 352.49,501.77 312.49,501.77 312.49,541.77 292.49,507.13 257.85,527.13 277.85,492.49 243.21,472.49" fill="#98c8b0" stroke="#333" stroke-width="1"/>
<polygon points="541.77,541.77 541.77,501.77 561.77,536.41 596.41,516.41 576.41,551.05 611.05,571.05 571.05,571.05 571.05,611.05 551.05,576.41 516.41,596.41 536.41,561.77 501.77,541.77" fill="#98c8b0" stroke="#333" stroke-width="1"/>
<polygon points="800.33,611.05 800.33,571.05 820.33,605.69 854.97,585.69 834.97,620.33 869.62,640.33 829.62,640.33 829.62,680.33 809.62,645.69 774.97,665.69 794.97,631.05 760.33,611.05" fill="#98c8b0" stroke="#333" stroke-width="1"/>
<polygon points="352.49,731.05 352.49,691.05 372.49,725.69 407.13,705.69 387.13,740.33 421.77,760.33 381.77,760.33 381.77,800.33 361.77,765.69 327.13,785.69 347.13,751.05 312.49,731.05" fill="#98c8b0" stroke="#333" stroke-width="1"/>
<polygon points="611.05,800.33 611.05,760.33 631.05,794.97 665.69,774.97 645.69,809.62 680.33,829.62 640.33,829.62 640.33,869.62 620.33,834.97 585.69,854.97 605.69,820.33 571.05,800.33" fill="#98c8b0" stroke="#333" stroke-width="1"/>
<polygon points="869.62,869.62 869.62,829.62 889.62,864.26 924.26,844.26 904.26,878.90 938.90,898.90 898.90,898.90 898.90,938.90 878.90,904.26 844.26,924.26 864.26,889.62 829.62,869.62" fill="#98c8b0" stroke="#333" stroke-width="1"/>
<polygon points="233.92,208.56 213.92,173.92 248.56,153.92 268.56,188.56" fill="#e8c268" stroke="#333" stroke-width="1"/>
<polygon points="492.49,277.85 472.49,243.21 507.13,223.21 527.13,257.85" fill="#e8c268" stroke="#333" stroke-width="1"/>
<polygon points="751.05,347.13 731.05,312.49 765.69,292.49 785.69,327.13" fill="#e8c268" stroke="#333" stroke-width="1"/>
<polygon points="303.21,467.13 283.21,432.49 317.85,412.49 337.85,447.13" fill="#e8c268" stroke="#333" stroke-width="1"/>
<polygon points="561.77,536.41 541.77,501.77 576.41,481.77 596.41,516.41" fill="#e8c268" stroke="#333" stroke-width="1"/>
<polygon points="820.33,605.69 800.33,571.05 834.97,551.05 854.97,585.69" fill="#e8c268" stroke="#333" stroke-width="1"/>
<polygon points="372.49,725.69 352.49,691.05 387.13,671.05 407.13,705.69" fill="#e8c268" stroke="#333" stroke-width="1"/>
<polygon points="631.05,794.97 611.05,760.33 645.69,740.33 665.69,774.97" fill="#e8c268" stroke="#333" stroke-width="1"/>
<polygon points="889.62,864.26 869.62,829.62 904.26,809.62 924.26,844.26" fill="#e8c268" stroke="#333" stroke-width="1"/>
<polygon points="248.56,153.92 213.92,173.92 193.92,139.28 228.56,119.28" fill="#e8c268" stroke="#333" stroke-width="1"/>
<polygon points="507.13,223.21 472.49,243.21 452.49,208.56 487.13,188.56" fill="#e8c268" stroke="#333" stroke-width="1"/>
<polygon points="765.69,292.49 731.05,312.49 711.05,277.85 745.69,257.85" fill="#e8c268" stroke="#333" stroke-width="1"/>
<polygon points="317.85,412.49 283.21,432.49 263.21,397.85 297.85,377.85" fill="#e8c268" stroke="#333" stroke-width="1"/>
<polygon points="576.41,481.77 541.77,501.77 521.77,467.13 556.41,447.13" fill="#e8c268" stroke="#333" stroke-width="1"/>
<polygon points="834.97,551.05 800.33,571.05 780.33,536.41 814.97,516.41" fill="#e8c268" stroke="#333" stroke-width="1"/>
<polygon points="387.13,671.05 352.49,691.05 332.49,656.41 367.13,636.41" fill="#e8c268" stroke="#333" stroke-width="1"/>
<polygon points="645.69,740.33 611.05,760.33 591.05,725.69 625.69,705.69" fill="#e8c268" stroke="#333" stroke-width="1"/>
<polygon points="904.26,809.62 869.62,829.62 849.62,794.97 884.26,774.97" fill="#e8c268" stroke="#333" stroke-width="1"/>
<polygon points="139.28,193.92 173.92,213.92 153.92,248.56 119.28,228.56" fill="#e8c268" stroke="#333" stroke-width="1"/>
<polygon points="397.85,263.21 432.49,283.21 412.49,317.85 377.85,297.85" fill="#e8c268" stroke="#333" stroke-width="1"/>
<polygon points="656.41,332.49 691.05,352.49 671.05,387.13 636.41,367.13" fill="#e8c268" stroke="#333" stroke-width="1"/>
<polygon points="208.56,452.49 243.21,472.49 223.21,507.13 188.56,487.13" fill="#e8c268" stroke="#333" stroke-width="1"/>
<polygon points="467.13,521.77 501.77,541.77 481.77,576.41 447.13,556.41" fill="#e8c268" stroke="#333" stroke-width="1"/>
<polygon points="725.69,591.05 760.33,611.05 740.33,645.69 705.69,625.69" fill="#e8c268" stroke="#333" stroke-width="1"/>
<polygon points="277.85,711.05 312.49,731.05 292.49,765.69 257.85,745.69" fill="#e8c268" stroke="#333" stroke-width="1"/>
<polygon points="536.41,780.33 571.05,800.33 551.05,834.97 516.41,814.97" fill="#e8c268" stroke="#333" stroke-width="1"/>
<polygon points="794.97,849.62 829.62,869.62 809.62,904.26 774.97,884.26" fill="#e8c268" stroke="#333" stroke-width="1"/>
<polygon points="153.92,248.56 173.92,213.92 208.56,233.92 188.56,268.56" fill="#e8c268" stroke="#333" stroke-width="1"/>
<polygon points="412.49,317.85 432.49,283.21 467.13,303.21 447.13,337.85" fill="#e8c268" stroke="#333" stroke-width="1"/>
<polygon points="671.05,387.13 691.05,352.49 725.69,372.49 705.69,407.13" fill="#e8c268" stroke="#333" stroke-width="1"/>
<polygon points="223.21,507.13 243.21,472.49 277.85,492.49 257.85,527.13" fill="#e8c268" stroke="#333" stroke-width="1"/>
<polygon points="481.77,576.41 501.77,541.77 536.41,561.77 516.41,596.41" fill="#e8c268" stroke="#333" stroke-width="1"/>
<polygon points="740.33,645.69 760.33,611.05 794.97,631.05 774.97,665.69" fill="#e8c268" stroke="#333" stroke-width="1"/>
<polygon points="292.49,765.69 312.49,731.05 347.13,751.05 327.13,785.69" fill="#e8c268" stroke="#333" stroke-width="1"/>
<polygon points="551.05,834.97 571.05,800.33 605.69,820.33 585.69,854.97" fill="#e8c268" stroke="#333" stroke-width="1"/>
<polygon points="809.62,904.26 829.62,869.62 864.26,889.62 844.26,924.26" fill="#e8c268" stroke="#333" stroke-width="1"/>
<polygon points="268.56,188.56 248.56,153.92 283.21,133.92 303.21,168.56" fill="#e8c268" stroke="#333" stroke-width="1"/>
<polygon points="527.13,257.85 507.13,223.21 541.77,203.21 561.77,237.85" fill="#e8c268" stroke="#333" stroke-width="1"/>
<polygon points="785.69,327.13 765.69,292.49 800.33,272.49 820.33,307.13" fill="#e8c268" stroke="#333" stroke-width="1"/>
<polygon points="337.85,447.13 317.85,412.49 352.49,392.49 372.49,427.13" fill="#e8c268" stroke="#333" stroke-width="1"/>
<polygon points="596.41,516.41 576.41,481.77 611.05,461.77 631.05,496.41" fill="#e8c268" stroke="#333" stroke-width="1"/>
<polygon points="854.97,585.69 834.97,551.05 869.62,531.05 889.62,565.69" fill="#e8c268" stroke="#333" stroke-width="1"/>
<polygon points="407.13,705.69 387.13,671.05 421.77,651.05 441.77,685.69" fill="#e8c268" stroke="#333" stroke-width="1"/>
<polygon points="665.69,774.97 645.69,740.33 680.33,720.33 700.33,754.97" fill="#e8c268" stroke="#333" stroke-width="1"/>
<polygon points="924.26,844.26 904.26,809.62 938.90,789.62 958.90,824.26" fill="#e8c268" stroke="#333" stroke-width="1"/>
<polygon points="283.21,133.92 248.56,153.92 228.56,119.28 263.21,99.28" fill="#e8c268" stroke="#333" stroke-width="1"/>
<polygon points="541.77,203.21 507.13,223.21 487.13,188.56 521.77,168.56" fill="#e8c268" stroke="#333" stroke-width="1"/>
<polygon points="800.33,272.49 765.69,292.49 745.69,257.85 780.33,237.85" fill="#e8c268" stroke="#333" stroke-width="1"/>
<polygon points="352.49,392.49 317.85,412.49 297.85,377.85 332.49,357.85" fill="#e8c268" stroke="#333" stroke-width="1"/>
<polygon points="611.05,461.77 576.41,481.77 556.41,447.13 591.05,427.13" fill="#e8c268" stroke="#333" stroke-width="1"/>
<polygon points="869.62,531.05 834.97,551.05 814.97,516.41 849.62,496.41" fill="#e8c268" stroke="#333" stroke-width="1"/>
<polygon points="421.77,651.05 387.13,671.05 367.13,636.41 401.77,616.41" fill="#e8c268" stroke="#333" stroke-width="1"/>
<polygon points="680.33,720.33 645.69,740.33 625.69,705.69 660.33,685.69" fill="#e8c268" stroke="#333" stroke-width="1"/>
<polygon points="938.90,789.62 904.26,809.62 884.26,774.97 918.90,754.97" fill="#e8c268" stroke="#333" stroke-width="1"/>
<polygon points="119.28,228.56 153.92,248.56 133.92,283.21 99.28,263.21" fill="#e8c268" stroke="#333" stroke-width="1"/>
<polygon points="377.85,297.85 412.49,317.85 392.49,352.49 357.85,332.49" fill="#e8c268" stroke="#333" stroke-width="1"/>
<polygon points="636.41,367.13 671.05,387.13 651.05,421.77 616.41,401.77" fill="#e8c268" stroke="#333" stroke-width="1"/>
<polygon points="188.56,487.13 223.21,507.13 203.21,541.77 168.56,521.77" fill="#e8c268" stroke="#333" stroke-width="1"/>
<polygon points="447.13,556.41 481.77,576.41 461.77,611.05 427.13,591.05" fill="#e8c268" stroke="#333" stroke-width="1"/>
<polygon points="705.69,625.69 740.33,645.69 720.33,680.33 685.69,660.33" fill="#e8c268" stroke="#333" stroke-width="1"/>
<polygon points="257.85,745.69 292.49,765.69 272.49,800.33 237.85,780.33" fill="#e8c268" stroke="#333" stroke-width="1"/>
<polygon points="516.41,814.97 551.05,834.97 531.05,869.62 496.41,849.62" fill="#e8c268" stroke="#333" stroke-width="1"/>
<polygon points="774.97,884.26 809.62,904.26 789.62,938.90 754.97,918.90" fill="#e8c268" stroke="#333" stroke-width="1"/>
<polygon points="133.92,283.21 153.92,248.56 188.56,268.56 168.56,303.21" fill="#e8c268" stroke="#333" stroke-width="1"/>
<polygon points="392.49,352.49 412.49,317.85 447.13,337.85 427.13,372.49" fill="#e8c268" stroke="#333" stroke-width="1"/>
<polygon points="651.05,421.77 671.05,387.13 705.69,407.13 685.69,441.77" fill="#e8c268" stroke="#333" stroke-width="1"/>
<polygon points="203.21,541.77 223.21,507.13 257.85,527.13 237.85,561.77" fill="#e8c268" stroke="#333" stroke-width="1"/>
<polygon points="461.77,611.05 481.77,576.41 516.41,596.41 496.41,631.05" fill="#e8c268" stroke="#333" stroke-width="1"/>
<polygon points="720.33,680.33 740.33,645.69 774.97,665.69 754.97,700.33" fill="#e8c268" stroke="#333" stroke-width="1"/>
<polygon points="272.49,800.33 292.49,765.69 327.13,785.69 307.13,820.33" fill="#e8c268" stroke="#333" stroke-width="1"/>
<polygon points="531.05,869.62 551.05,834.97 585.69,854.97 565.69,889.62" fill="#e8c268" stroke="#333" stroke-width="1"/>
<polygon points="789.62,938.90 809.62,904.26 844.26,924.26 824.26,958.90" fill="#e8c268" stroke="#333" stroke-width="1"/>
<polygon points="248.56,223.21 268.56,188.56 303.21,208.56 283.21,243.21" fill="#e8c268" stroke="#333" stroke-width="1"/>
<polygon points="507.13,292.49 527.13,257.85 561.77,277.85 541.77,312.49" fill="#e8c268" stroke="#333" stroke-width="1"/>
<polygon points="765.69,361.77 785.69,327.13 820.33,347.13 800.33,381.77" fill="#e8c268" stroke="#333" stroke-width="1"/>
<polygon points="317.85,481.77 337.85,447.13 372.49,467.13 352.49,501.77" fill="#e8c268" stroke="#333" stroke-width="1"/>
<polygon points="576.41,551.05 596.41,516.41 631.05,536.41 611.05,571.05" fill="#e8c268" stroke="#333" stroke-width="1"/>
<polygon points="834.97,620.33 854.97,585.69 889.62,605.69 869.62,640.33" fill="#e8c268" stroke="#333" stroke-width="1"/>
<polygon points="387.13,740.33 407.13,705.69 441.77,725.69 421.77,760.33" fill="#e8c268" stroke="#333" stroke-width="1"/>
<polygon points="645.69,809.62 665.69,774.97 700.33,794.97 680.33,829.62" fill="#e8c268" stroke="#333" stroke-width="1"/>
<polygon points="904.26,878.90 924.26,844.26 958.90,864.26 938.90,898.90" fill="#e8c268" stroke="#333" stroke-width="1"/>
<polygon points="303.21,208.56 268.56,188.56 303.21,168.56 283.21,133.92 323.21,133.92 323.21,93.92 357.85,113.92 377.85,79.28 397.85,113.92 432.49,93.92 432.49,133.92 472.49,133.92 452.49,168.56 487.13,188.56 452.49,208.56 472.49,243.21 432.49,243.21 432.49,283.21 397.85,263.21 377.85,297.85 357.85,263.21 323.21,283.21 323.21,243.21 283.21,243.21" fill="#9ecf9e" stroke="#333" stroke-width="1"/>
<polygon points="561.77,277.85 527.13,257.85 561.77,237.85 541.77,203.21 581.77,203.21 581.77,163.21 616.41,183.21 636.41,148.56 656.41,183.21 691.05,163.21 691.05,203.21 731.05,203.21 711.05,237.85 745.69,257.85 711.05,277.85 731.05,312.49 691.05,312.49 691.05,352.49 656.41,332.49 636.41,367.13 616.41,332.49 581.77,352.49 581.77,312.49 541.77,312.49" fill="#9ecf9e" stroke="#333" stroke-width="1"/>
<polygon points="820.33,347.13 785.69,327.13 820.33,307.13 800.33,272.49 840.33,272.49 840.33,232.49 874.97,252.49 894.97,217.85 914.97,252.49 949.62,232.49 949.62,272.49 989.62,272.49 969.62,307.13 1004.26,327.13 969.62,347.13 989.62,381.77 949.62,381.77 949.62,421.77 914.97,401.77 894.97,436.41 874.97,401.77 840.33,421.77 840.33,381.77 800.33,381.77" fill="#9ecf9e" stroke="#333" stroke-width="1"/>
<polygon points="372.49,467.13 337.85,447.13 372.49,427.13 352.49,392.49 392.49,392.49 392.49,352.49 427.13,372.49 447.13,337.85 467.13,372.49 501.77,352.49 501.77,392.49 541.77,392.49 521.77,427.13 556.41,447.13 521.77,467.13 541.77,501.77 501.77,501.77 501.77,541.77 467.13,521.77 447.13,556.41 427.13,521.77 392.49,541.77 392.49,501.77 352.49,501.77" fill="#9ecf9e" stroke="#333" stroke-width="1"/>
<polygon points="631.05,536.41 596.41,516.41 631.05,496.41 611.05,461.77 651.05,461.77 651.05,421.77 685.69,441.77 705.69,407.13 725.69,441.77 760.33,421.77 760.33,461.77 800.33,461.77 780.33,496.41 814.97,516.41 780.33,536.41 800.33,571.05 760.33,571.05 760.33,611.05 725.69,591.05 705.69,625.69 685.69,591.05 651.05,611.05 651.05,571.05 611.05,571.05" fill="#9ecf9e" stroke="#333" stroke-width="1"/>
<polygon points="889.62,605.69 854.97,585.69 889.62,565.69 869.62,531.05 909.62,531.05 909.62,491.05 944.26,511.05 964.26,476.41 984.26,511.05 1018.90,491.05 1018.90,531.05 1058.90,531.05 1038.90,565.69 1073.54,585.69 1038.90,605.69 1058.90,640.33 1018.90,640.33 1018.90,680.33 984.26,660.33 964.26,694.97 944.26,660.33 909.62,680.33 909.62,640.33 869.62,640.33" fill="#9ecf9e" stroke="#333" stroke-width="1"/>
<polygon points="441.77,725.69 407.13,705.69 441.77,685.69 421.77,651.05 461.77,651.05 461.77,611.05 496.41,631.05 516.41,596.41 536.41,631.05 571.05,611.05 571.05,651.05 611.05,651.05 591.05,685.69 625.69,705.69 591.05,725.69 611.05,760.33 571.05,760.33 571.05,800.33 536.41,780.33 516.41,814.97 496.41,780.33 461.77,800.33 461.77,760.33 421.77,760.33" fill="#9ecf9e" stroke="#333" stroke-width="1"/>
<polygon points="700.33,794.97 665.69,774.97 700.33,754.97 680.33,720.33 720.33,720.33 720.33,680.33 754.97,700.33 774.97,665.69 794.97,700.33 829.62,680.33 829.62,720.33 869.62,720.33 849.62,754.97 884.26,774.97 849.62,794.97 869.62,829.62 829.62,829.62 829.62,869.62 794.97,849.62 774.97,884.26 754.97,849.62 720.33,869.62 720.33,829.62 680.33,829.62" fill="#9ecf9e" stroke="#333" stroke-width="1"/>
<polygon points="958.90,864.26 924.26,844.26 958.90,824.26 938.90,789.62 978.90,789.62 978.90,749.62 1013.54,769.62 1033.54,734.97 1053.54,769.62 1088.18,749.62 1088.18,789.62 1128.18,789.62 1108.18,824.26 1142.82,844.26 1108.18,864.26 1128.18,898.90 1088.18,898.90 1088.18,938.90 1053.54,918.90 1033.54,953.54 1013.54,918.90 978.90,938.90 978.90,898.90 938.90,898.90" fill="#9ecf9e" stroke="#333" stroke-width="1"/>
<polygon points="323.21,133.92 283.21,133.92 283.21,93.92 323.21,93.92" fill="#e8c268" stroke="#333" stroke-width="1"/>
<polygon points="581.77,203.21 541.77,203.21 541.77,163.21 581.77,163.21" fill="#e8c268" stroke="#333" stroke-width="1"/>
<polygon points="840.33,272.49 800.33,272.49 800.33,232.49 840.33,232.49" fill="#e8c268" stroke="#333" stroke-width="1"/>
<polygon points="392.49,392.49 352.49,392.49 352.49,352.49 392.49,352.49" fill="#e8c268" stroke="#333" stroke-width="1"/>
<polygon points="651.05,461.77 611.05,461.77 611.05,421.77 651.05,421.77" fill="#e8c268" stroke="#333" stroke-width="1"/>
<polygon points="909.62,531.05 869.62,531.05 869.62,491.05 909.62,491.05" fill="#e8c268" stroke="#333" stroke-width="1"/>
<polygon points="461.77,651.05 421.77,651.05 421.77,611.05 461.77,611.05" fill="#e8c268" stroke="#333" stroke-width="1"/>
<polygon points="720.33,720.33 680.33,720.33 680.33,680.33 720.33,680.33" fill="#e8c268" stroke="#333" stroke-width="1"/>
<polygon points="978.90,789.62 938.90,789.62 938.90,749.62 978.90,749.62" fill="#e8c268" stroke="#333" stroke-width="1"/>
<polygon points="283.21,93.92 283.21,133.92 263.21,99.28 228.56,119.28 248.56,84.64 213.92,64.64 253.92,64.64 253.92,24.64 273.92,59.28 308.56,39.28 288.56,73.92 323.21,93.92" fill="#98c8b0" stroke="#333" stroke-width="1"/>
<polygon points="541.77,163.21 541.77,203.21 521.77,168.56 487.13,188.56 507.13,153.92 472.49,133.92 512.49,133.92 512.49,93.92 532.49,128.56 567.13,108.56 547.13,143.21 581.77,163.21" fill="#98c8b0" stroke="#333" stroke-width="1"/>
<polygon points="800.33,232.49 800.33,272.49 780.33,237.85 745.69,257.85 765.69,223.21 731.05,203.21 771.05,203.21 771.05,163.21 791.05,197.85 825.69,177.85 805.69,212.49 840.33,232.49" fill="#98c8b0" stroke="#333" stroke-width="1"/>
<polygon points="352.49,352.49 352.49,392.49 332.49,357.85 297.85,377.85 317.85,343.21 283.21,323.21 323.21,323.21 323.21,283.21 343.21,317.85 377.85,297.85 357.85,332.49 392.49,352.49" fill="#98c8b0" stroke="#333" stroke-width="1"/>
<polygon points="611.05,421.77 611.05,461.77 591.05,427.13 556.41,447.13 576.41,412.49 541.77,392.49 581.77,392.49 581.77,352.49 601.77,387.13 636.41,367.13 616.41,401.77 651.05,421.77" fill="#98c8b0" stroke="#333" stroke-width="1"/>
<polygon points="869.62,491.05 869.62,531.05 849.62,496.41 814.97,516.41 834.97,481.77 800.33,461.77 840.33,461.77 840.33,421.77 860.33,456.41 894.97,436.41 874.97,471.05 909.62,491.05" fill="#98c8b0" stroke="#333" stroke-width="1"/>
<polygon points="421.77,611.05 421.77,651.05 401.77,616.41 367.13,636.41 387.13,601.77 352.49,581.77 392.49,581.77 392.49,541.77 412.49,576.41 447.13,556.41 427.13,591.05 461.77,611.05" fill="#98c8b0" stroke="#333" stroke-width="1"/>
<polygon points="680.33,680.33 680.33,720.33 660.33,685.69 625.69,705.69 645.69,671.05 611.05,651.05 651.05,651.05 651.05,611.05 671.05,645.69 705.69,625.69 685.69,660.33 720.33,680.33" fill="#98c8b0" stroke="#333" stroke-width="1"/>
<polygon points="938.90,749.62 938.90,789.62 918.90,754.97 884.26,774.97 904.26,740.33 869.62,720.33 909.62,720.33 909.62,680.33 929.62,714.97 964.26,694.97 944.26,729.62 978.90,749.62" fill="#98c8b0" stroke="#333" stroke-width="1"/>
<polygon points="248.56,84.64 228.56,119.28 193.92,99.28 213.92,64.64" fill="#e8c268" stroke="#333" stroke-width="1"/>
<polygon points="507.13,153.92 487.13,188.56 452.49,168.56 472.49,133.92" fill="#e8c268" stroke="#333" stroke-width="1"/>
<polygon points="765.69,223.21 745.69,257.85 711.05,237.85 731.05,203.21" fill="#e8c268" stroke="#333" stroke-width="1"/>
<polygon points="317.85,343.21 297.85,377.85 263.21,357.85 283.21,323.21" fill="#e8c268" stroke="#333" stroke-width="1"/>
<polygon points="576.41,412.49 556.41,447.13 521.77,427.13 541.77,392.49" fill="#e8c268" stroke="#333" stroke-width="1"/>
<polygon points="834.97,481.77 814.97,516.41 780.33,496.41 800.33,461.77" fill="#e8c268" stroke="#333" stroke-width="1"/>
<polygon points="387.13,601.77 367.13,636.41 332.49,616.41 352.49,581.77" fill="#e8c268" stroke="#333" stroke-width="1"/>
<polygon points="645.69,671.05 625.69,705.69 591.05,685.69 611.05,651.05" fill="#e8c268" stroke="#333" stroke-width="1"/>
<polygon points="904.26,740.33 884.26,774.97 849.62,754.97 869.62,720.33" fill="#e8c268" stroke="#333" stroke-width="1"/>
<polygon points="99.28,193.92 119.28,228.56 84.64,248.56 64.64,213.92" fill="#e8c268" stroke="#333" stroke-width="1"/>
<polygon points="357.85,263.21 377.85,297.85 343.21,317.85 323.21,283.21" fill="#e8c268" stroke="#333" stroke-width="1"/>
<polygon points="616.41,332.49 636.41,367.13 601.77,387.13 581.77,352.49" fill="#e8c268" stroke="#333" stroke-width="1"/>
<polygon points="168.56,452.49 188.56,487.13 153.92,507.13 133.92,472.49" fill="#e8c268" stroke="#333" stroke-width="1"/>
<polygon points="427.13,521.77 447.13,556.41 412.49,576.41 392.49,541.77" fill="#e8c268" stroke="#333" stroke-width="1"/>
<polygon points="685.69,591.05 705.69,625.69 671.05,645.69 651.05,611.05" fill="#e8c268" stroke="#333" stroke-width="1"/>
<polygon points="237.85,711.05 257.85,745.69 223.21,765.69 203.21,731.05" fill="#e8c268" stroke="#333" stroke-width="1"/>
<polygon points="496.41,780.33 516.41,814.97 481.77,834.97 461.77,800.33" fill="#e8c268" stroke="#333" stroke-width="1"/>
<polygon points="754.97,849.62 774.97,884.26 740.33,904.26 720.33,869.62" fill="#e8c268" stroke="#333" stroke-width="1"/>
<polygon points="84.64,248.56 119.28,228.56 99.28,263.21 133.92,283.21 93.92,283.21 93.92,323.21 73.92,288.56 39.28,308.56 59.28,273.92 24.64,253.92 64.64,253.92 64.64,213.92" fill="#98c8b0" stroke="#333" stroke-width="1"/>
<polygon points="343.21,317.85 377.85,297.85 357.85,332.49 392.49,352.49 352.49,352.49 352.49,392.49 332.49,357.85 297.85,377.85 317.85,343.21 283.21,323.21 323.21,323.21 323.21,283.21" fill="#98c8b0" stroke="#333" stroke-width="1"/>
<polygon points="601.77,387.13 636.41,367.13 616.41,401.77 651.05,421.77 611.05,421.77 611.05,461.77 591.05,427.13 556.41,447.13 576.41,412.49 541.77,392.49 581.77,392.49 581.77,352.49" fill="#98c8b0" stroke="#333" stroke-width="1"/>
<polygon points="153.92,507.13 188.56,487.13 168.56,521.77 203.21,541.77 163.21,541.77 163.21,581.77 143.21,547.13 108.56,567.13 128.56,532.49 93.92,512.49 133.92,512.49 133.92,472.49" fill="#98c8b0" stroke="#333" stroke-width="1"/>
<polygon points="412.49,576.41 447.13,556.41 427.13,591.05 461.77,611.05 421.77,611.05 421.77,651.05 401.77,616.41 367.13,636.41 387.13,601.77 352.49,581.77 392.49,581.77 392.49,541.77" fill="#98c8b0" stroke="#333" stroke-width="1"/>
<polygon points="671.05,645.69 705.69,625.69 685.69,660.33 720.33,680.33 680.33,680.33 680.33,720.33 660.33,685.69 625.69,705.69 645.69,671.05 611.05,651.05 651.05,651.05 651.05,611.05" fill="#98c8b0" stroke="#333" stroke-width="1"/>
<polygon points="223.21,765.69 257.85,745.69 237.85,780.33 272.49,800.33 232.49,800.33 232.49,840.33 212.49,805.69 177.85,825.69 197.85,791.05 163.21,771.05 203.21,771.05 203.21,731.05" fill="#98c8b0" stroke="#333" stroke-width="1"/>
<polygon points="481.77,834.97 516.41,814.97 496.41,849.62 531.05,869.62 491.05,869.62 491.05,909.62 471.05,874.97 436.41,894.97 456.41,860.33 421.77,840.33 461.77,840.33 461.77,800.33" fill="#98c8b0" stroke="#333" stroke-width="1"/>
<polygon points="740.33,904.26 774.97,884.26 754.97,918.90 789.62,938.90 749.62,938.90 749.62,978.90 729.62,944.26 694.97,964.26 714.97,929.62 680.33,909.62 720.33,909.62 720.33,869.62" fill="#98c8b0" stroke="#333" stroke-width="1"/>
<polygon points="93.92,283.21 133.92,283.21 133.92,323.21 93.92,323.21" fill="#e8c268" stroke="#333" stroke-width="1"/>
<polygon points="352.49,352.49 392.49,352.49 392.49,392.49 352.49,392.49" fill="#e8c268" stroke="#333" stroke-width="1"/>
<polygon points="611.05,421.77 651.05,421.77 651.05,461.77 611.05,461.77" fill="#e8c268" stroke="#333" stroke-width="1"/>
<polygon points="163.21,541.77 203.21,541.77 203.21,581.77 163.21,581.77" fill="#e8c268" stroke="#333" stroke-width="1"/>
<polygon points="421.77,611.05 461.77,611.05 461.77,651.05 421.77,651.05" fill="#e8c268" stroke="#333" stroke-width="1"/>
<polygon points="680.33,680.33 720.33,680.33 720.33,720.33 680.33,720.33" fill="#e8c268" stroke="#333" stroke-width="1"/>
<polygon points="232.49,800.33 272.49,800.33 272.49,840.33 232.49,840.33" fill="#e8c268" stroke="#333" stroke-width="1"/>
<polygon points="491.05,869.62 531.05,869.62 531.05,909.62 491.05,909.62" fill="#e8c268" stroke="#333" stroke-width="1"/>
<polygon points="749.62,938.90 789.62,938.90 789.62,978.90 749.62,978.90" fill="#e8c268" stroke="#333" stroke-width="1"/>
<polygon points="133.92,323.21 133.92,283.21 168.56,303.21 188.56,268.56 208.56,303.21 243.21,283.21 243.21,323.21 283.21,323.21 263.21,357.85 297.85,377.85 263.21,397.85 283.21,432.49 243.21,432.49 243.21,472.49 208.56,452.49 188.56,487.13 168.56,452.49 133.92,472.49 133.92,432.49 93.92,432.49 113.92,397.85 79.28,377.85 113.92,357.85 93.92,323.21" fill="#9ecf9e" stroke="#333" stroke-width="1"/>
<polygon points="392.49,392.49 392.49,352.49 427.13,372.49 447.13,337.85 467.13,372.49 501.77,352.49 501.77,392.49 541.77,392.49 521.77,427.13 556.41,447.13 521.77,467.13 541.77,501.77 501.77,501.77 501.77,541.77 467.13,521.77 447.13,556.41 427.13,521.77 392.49,541.77 392.49,501.77 352.49,501.77 372.49,467.13 337.85,447.13 372.49,427.13 352.49,392.49" fill="#9ecf9e" stroke="#333" stroke-width="1"/>
<polygon points="651.05,461.77 651.05,421.77 685.69,441.77 705.69,407.13 725.69,441.77 760.33,421.77 760.33,461.77 800.33,461.77 780.33,496.41 814.97,516.41 780.33,536.41 800.33,571.05 760.33,571.05 760.33,611.05 725.69,591.05 705.69,625.69 685.69,591.05 651.05,611.05 651.05,571.05 611.05,571.05 631.05,536.41 596.41,516.41 631.05,496.41 611.05,461.77" fill="#9ecf9e" stroke="#333" stroke-width="1"/>
<polygon points="203.21,581.77 203.21,541.77 237.85,561.77 257.85,527.13 277.85,561.77 312.49,541.77 312.49,581.77 352.49,581.77 332.49,616.41 367.13,636.41 332.49,656.41 352.49,691.05 312.49,691.05 312.49,731.05 277.85,711.05 257.85,745.69 237.85,711.05 203.21,731.05 203.21,691.05 163.21,691.05 183.21,656.41 148.56,636.41 183.21,616.41 163.21,581.77" fill="#9ecf9e" stroke="#333" stroke-width="1"/>
<polygon points="461.77,651.05 461.77,611.05 496.41,631.05 516.41,596.41 536.41,631.05 571.05,611.05 571.05,651.05 611.05,651.05 591.05,685.69 625.69,705.69 591.05,725.69 611.05,760.33 571.05,760.33 571.05,800.33 536.41,780.33 516.41,814.97 496.41,780.33 461.77,800.33 461.77,760.33 421.77,760.33 441.77,725.69 407.13,705.69 441.77,685.69 421.77,651.05" fill="#9ecf9e" stroke="#333" stroke-width="1"/>
<polygon points="720.33,720.33 720.33,680.33 754.97,700.33 774.97,665.69 794.97,700.33 829.62,680.33 829.62,720.33 869.62,720.33 849.62,754.97 884.26,774.97 849.62,794.97 869.62,829.62 829.62,829.62 829.62,869.62 794.97,849.62 774.97,884.26 754.97,849.62 720.33,869.62 720.33,829.62 680.33,829.62 700.33,794.97 665.69,774.97 700.33,754.97 680.33,720.33" fill="#9ecf9e" stroke="#333" stroke-width="1"/>
<polygon points="272.49,840.33 272.49,800.33 307.13,820.33 327.13,785.69 347.13,820.33 381.77,800.33 381.77,840.33 421.77,840.33 401.77,874.97 436.41,894.97 401.77,914.97 421.77,949.62 381.77,949.62 381.77,989.62 347.13,969.62 327.13,1004.26 307.13,969.62 272.49,989.62 272.49,949.62 232.49,949.62 252.49,914.97 217.85,894.97 252.49,874.97 232.49,840.33" fill="#9ecf9e" stroke="#333" stroke-width="1"/>
<polygon points="531.05,909.62 531.05,869.62 565.69,889.62 585.69,854.97 605.69,889.62 640.33,869.62 640.33,909.62 680.33,909.62 660.33,944.26 694.97,964.26 660.33,984.26 680.33,1018.90 640.33,1018.90 640.33,1058.90 605.69,1038.90 585.69,1073.54 565.69,1038.90 531.05,1058.90 531.05,1018.90 491.05,1018.90 511.05,984.26 476.41,964.26 511.05,944.26 491.05,909.62" fill="#9ecf9e" stroke="#333" stroke-width="1"/>
<polygon points="789.62,978.90 789.62,938.90 824.26,958.90 844.26,924.26 864.26,958.90 898.90,938.90 898.90,978.90 938.90,978.90 918.90,1013.54 953.54,1033.54 918.90,1053.54 938.90,1088.18 898.90,1088.18 898.90,1128.18 864.26,1108.18 844.26,1142.82 824.26,1108.18 789.62,1128.18 789.62,1088.18 749.62,1088.18 769.62,1053.54 734.97,1033.54 769.62,1013.54 749.62,978.90" fill="#9ecf9e" stroke="#333" stroke-width="1"/>
<polygon points="208.56,303.21 188.56,268.56 223.21,248.56 243.21,283.21" fill="#e8c268" stroke="#333" stroke-width="1"/>
<polygon points="467.13,372.49 447.13,337.85 481.77,317.85 501.77,352.49" fill="#e8c268" stroke="#333" stroke-width="1"/>
<polygon points="725.69,441.77 705.69,407.13 740.33,387.13 760.33,421.77" fill="#e8c268" stroke="#333" stroke-width="1"/>
<polygon points="277.85,561.77 257.85,527.13 292.49,507.13 312.49,541.77" fill="#e8c268" stroke="#333" stroke-width="1"/>
<polygon points="536.41,631.05 516.41,596.41 551.05,576.41 571.05,611.05" fill="#e8c268" stroke="#333" stroke-width="1"/>
<polygon points="794.97,700.33 774.97,665.69 809.62,645.69 829.62,680.33" fill="#e8c268" stroke="#333" stroke-width="1"/>
<polygon points="347.13,820.33 327.13,785.69 361.77,765.69 381.77,800.33" fill="#e8c268" stroke="#333" stroke-width="1"/>
<polygon points="605.69,889.62 585.69,854.97 620.33,834.97 640.33,869.62" fill="#e8c268" stroke="#333" stroke-width="1"/>
<polygon points="864.26,958.90 844.26,924.26 878.90,904.26 898.90,938.90" fill="#e8c268" stroke="#333" stroke-width="1"/>
<polygon points="243.21,243.21 283.21,243.21 283.21,283.21 243.21,283.21" fill="#e8c268" stroke="#333" stroke-width="1"/>
<polygon points="501.77,312.49 541.77,312.49 541.77,352.49 501.77,352.49" fill="#e8c268" stroke="#333" stroke-width="1"/>
<polygon points="760.33,381.77 800.33,381.77 800.33,421.77 760.33,421.77" fill="#e8c268" stroke="#333" stroke-width="1"/>
<polygon points="312.49,501.77 352.49,501.77 352.49,541.77 312.49,541.77" fill="#e8c268" stroke="#333" stroke-width="1"/>
<polygon points="571.05,571.05 611.05,571.05 611.05,611.05 571.05,611.05" fill="#e8c268" stroke="#333" stroke-width="1"/>
<polygon points="829.62,640.33 869.62,640.33 869.62,680.33 829.62,680.33" fill="#e8c268" stroke="#333" stroke-width="1"/>
<polygon points="381.77,760.33 421.77,760.33 421.77,800.33 381.77,800.33" fill="#e8c268" stroke="#333" stroke-width="1"/>
<polygon points="640.33,829.62 680.33,829.62 680.33,869.62 640.33,869.62" fill="#e8c268" stroke="#333" stroke-width="1"/>
<polygon points="898.90,898.90 938.90,898.90 938.90,938.90 898.90,938.90" fill="#e8c268" stroke="#333" stroke-width="1"/>
<polygon points="283.21,283.21 283.21,243.21 323.21,243.21 323.21,283.21" fill="#e8c268" stroke="#333" stroke-width="1"/>
<polygon points="541.77,352.49 541.77,312.49 581.77,312.49 581.77,352.49" fill="#e8c268" stroke="#333" stroke-width="1"/>
<polygon points="800.33,421.77 800.33,381.77 840.33,381.77 840.33,421.77" fill="#e8c268" stroke="#333" stroke-width="1"/>
<polygon points="352.49,541.77 352.49,501.77 392.49,501.77 392.49,541.77" fill="#e8c268" stroke="#333" stroke-width="1"/>
<polygon points="611.05,611.05 611.05,571.05 651.05,571.05 651.05,611.05" fill="#e8c268" stroke="#333" stroke-width="1"/>
<polygon points="869.62,680.33 869.62,640.33 909.62,640.33 909.62,680.33" fill="#e8c268" stroke="#333" stroke-width="1"/>
<polygon points="421.77,800.33 421.77,760.33 461.77,760.33 461.77,800.33" fill="#e8c268" stroke="#333" stroke-width="1"/>
<polygon points="680.33,869.62 680.33,829.62 720.33,829.62 720.33,869.62" fill="#e8c268" stroke="#333" stroke-width="1"/>
<polygon points="938.90,938.90 938.90,898.90 978.90,898.90 978.90,938.90" fill="#e8c268" stroke="#333" stroke-width="1"/>
<polygon points="253.92,64.64 213.92,64.64 213.92,24.64 253.92,24.64" fill="#e8c268" stroke="#333" stroke-width="1"/>
<polygon points="512.49,133.92 472.49,133.92 472.49,93.92 512.49,93.92" fill="#e8c268" stroke="#333" stroke-width="1"/>
<polygon points="771.05,203.21 731.05,203.21 731.05,163.21 771.05,163.21" fill="#e8c268" stroke="#333" stroke-width="1"/>
<polygon points="323.21,323.21 283.21,323.21 283.21,283.21 323.21,283.21" fill="#e8c268" stroke="#333" stroke-width="1"/>
<polygon points="581.77,392.49 541.77,392.49 541.77,352.49 581.77,352.49" fill="#e8c268" stroke="#333" stroke-width="1"/>
<polygon points="840.33,461.77 800.33,461.77 800.33,421.77 840.33,421.77" fill="#e8c268" stroke="#333" stroke-width="1"/>
<polygon points="392.49,581.77 352.49,581.77 352.49,541.77 392.49,541.77" fill="#e8c268" stroke="#333" stroke-width="1"/>
<polygon points="651.05,651.05 611.05,651.05 611.05,611.05 651.05,611.05" fill="#e8c268" stroke="#333" stroke-width="1"/>
<polygon points="909.62,720.33 869.62,720.33 869.62,680.33 909.62,680.33" fill="#e8c268" stroke="#333" stroke-width="1"/>
<polygon points="213.92,24.64 213.92,64.64 173.92,64.64 173.92,24.64" fill="#e8c268" stroke="#333" stroke-width="1"/>
<polygon points="472.49,93.92 472.49,133.92 432.49,133.92 432.49,93.92" fill="#e8c268" stroke="#333" stroke-width="1"/>
<polygon points="731.05,163.21 731.05,203.21 691.05,203.21 691.05,163.21" fill="#e8c268" stroke="#333" stroke-width="1"/>
<polygon points="283.21,283.21 283.21,323.21 243.21,323.21 243.21,283.21" fill="#e8c268" stroke="#333" stroke-width="1"/>
<polygon points="541.77,352.49 541.77,392.49 501.77,392.49 501.77,352.49" fill="#e8c268" stroke="#333" stroke-width="1"/>
<polygon points="800.33,421.77 800.33,461.77 760.33,461.77 760.33,421.77" fill="#e8c268" stroke="#333" stroke-width="1"/>
<polygon points="352.49,541.77 352.49,581.77 312.49,581.77 312.49,541.77" fill="#e8c268" stroke="#333" stroke-width="1"/>
<polygon points="611.05,611.05 611.05,651.05 571.05,651.05 571.05,611.05" fill="#e8c268" stroke="#333" stroke-width="1"/>
<polygon points="869.62,680.33 869.62,720.33 829.62,720.33 829.62,680.33" fill="#e8c268" stroke="#333" stroke-width="1"/>
<polygon points="64.64,173.92 64.64,213.92 24.64,213.92 24.64,173.92" fill="#e8c268" stroke="#333" stroke-width="1"/>
<polygon points="323.21,243.21 323.21,283.21 283.21,283.21 283.21,243.21" fill="#e8c268" stroke="#333" stroke-width="1"/>
<polygon points="581.77,312.49 581.77,352.49 541.77,352.49 541.77,312.49" fill="#e8c268" stroke="#333" stroke-width="1"/>
<polygon points="133.92,432.49 133.92,472.49 93.92,472.49 93.92,432.49" fill="#e8c268" stroke="#333" stroke-width="1"/>
<polygon points="392.49,501.77 392.49,541.77 352.49,541.77 352.49,501.77" fill="#e8c268" stroke="#333" stroke-width="1"/>
<polygon points="651.05,571.05 651.05,611.05 611.05,611.05 611.05,571.05" fill="#e8c268" stroke="#333" stroke-width="1"/>
<polygon points="203.21,691.05 203.21,731.05 163.21,731.05 163.21,691.05" fill="#e8c268" stroke="#333" stroke-width="1"/>
<polygon points="461.77,760.33 461.77,800.33 421.77,800.33 421.77,760.33" fill="#e8c268" stroke="#333" stroke-width="1"/>
<polygon points="720.33,829.62 720.33,869.62 680.33,869.62 680.33,829.62" fill="#e8c268" stroke="#333" stroke-width="1"/>
<polygon points="24.64,213.92 64.64,213.92 64.64,253.92 24.64,253.92" fill="#e8c268" stroke="#333" stroke-width="1"/>
<polygon points="283.21,283.21 323.21,283.21 323.21,323.21 283.21,323.21" fill="#e8c268" stroke="#333" stroke-width="1"/>
<polygon points="541.77,352.49 581.77,352.49 581.77,392.49 541.77,392.49" fill="#e8c268" stroke="#333" stroke-width="1"/>
<polygon points="93.92,472.49 133.92,472.49 133.92,512.49 93.92,512.49" fill="#e8c268" stroke="#333" stroke-width="1"/>
<polygon points="352.49,541.77 392.49,541.77 392.49,581.77 352.49,581.77" fill="#e8c268" stroke="#333" stroke-width="1"/>
<polygon points="611.05,611.05 651.05,611.05 651.05,651.05 611.05,651.05" fill="#e8c268" stroke="#333" stroke-width="1"/>
